0.00195312  0.000000e+00  0.000000e+00  0.000000e+00  0.000000e+00  0.000000e+00  0.000000e+00  0.998750260395  0.000000000000 -0.049979169271  0.000000000000  1.000000000000  0.000000000000  0.049979169271 -0.000000000000  0.998750260395 
0.125953  8.852724e-02  1.047743e-04  1.819814e+00  1.560485e+00  7.195799e-04  2.992564e+01  0.998803149160 -0.000100704777 -0.048910725688  0.000104057705  0.999999992408  0.000066005708  0.048910718670 -0.000071016247  0.998803152055 
0.250953  3.467933e-01  2.608611e-04  7.357510e+00  2.687200e+00 -2.650369e-03  5.883601e+01  0.999312282790 -0.005772286446 -0.036628433947  0.005787647403  0.999983202332  0.000313353642  0.036626009908 -0.000525130604  0.999328904634 
0.376053  6.947115e-01 -6.137838e-04  1.602979e+01  2.715771e+00 -9.218623e-03  8.333000e+01  0.999461061584 -0.030961841436 -0.010906454647  0.030967083046  0.999520356180  0.000312009253  0.010891563053 -0.000649582187  0.999940474177 
0.500201  1.003483e+00 -2.312670e-03  2.809803e+01  2.183650e+00 -1.822814e-02  1.057846e+02  0.998556381030 -0.050584020607 -0.018066841576  0.050588610570  0.998719555832 -0.000203173311  0.018053985317 -0.000711096407  0.999836760655 
0.625081  1.251526e+00 -4.863362e-03  4.247368e+01  1.625807e+00 -2.290126e-02  1.225711e+02  0.998189075444 -0.059820737442 -0.006328430722  0.059823563223  0.998208933399  0.000258001697  0.006301662230 -0.000636123751  0.999979941999 
0.750093  1.432498e+00 -7.779437e-03  5.868877e+01  1.183191e+00 -1.502978e-02  1.323917e+02  0.997943230459 -0.064055954372 -0.002478606723  0.064055573595  0.997946305821 -0.000232787887  0.002488427873  0.000073540520  0.999996901154 
0.876303  1.560801e+00 -9.768165e-03  7.679862e+01  8.256943e-01 -8.909101e-03  1.497222e+02  0.997809884310 -0.066032123040 -0.003897884118  0.066028814731  0.997817243639 -0.000971556890  0.003953529951  0.000712056400  0.999991931256 
1.00131  1.642516e+00 -1.084869e-02  9.430088e+01  5.712883e-01 -1.188855e-02  1.517607e+02  0.997742309232 -0.066899438141 -0.005894874368  0.066895307667  0.997759598410 -0.000895317631  0.005941563728  0.000498956846  0.999982224273 
1.12791  1.699165e+00 -1.218935e-02  1.131503e+02  3.623380e-01 -2.099791e-02  1.535955e+02  0.997716237775 -0.067326120985 -0.005431603113  0.067326077280  0.997731007235 -0.000191099329  0.005432144822 -0.000175025627  0.999985230475 
1.25286  1.736098e+00 -1.400767e-02  1.330068e+02  2.256003e-01 -2.646593e-02  1.527408e+02  0.997706501604 -0.067531519878 -0.004607654556  0.067533168160  0.997717008990  0.000202906143  0.004583432762 -0.000513610288  0.999989364118 
1.37926  1.756367e+00 -1.555471e-02  1.514405e+02  1.114290e-01 -2.351232e-02  1.583835e+02  0.997704869964 -0.067618879419 -0.003560841937  0.067624963793  0.997709501909  0.001616809222  0.003443359007 -0.001853900242  0.999992353137 
1.50301  1.767222e+00 -1.567037e-02  1.716173e+02  5.156056e-02 -1.141851e-03  1.591528e+02  0.997703634483 -0.067662995247 -0.003029325672  0.067667816966  0.997706750986  0.001518415239  0.002919638151 -0.001719916258  0.999994258784 
1.6264  1.772314e+00 -1.382220e-02  1.899274e+02  1.492531e-02  8.153861e-03  1.494186e+02  0.997706305432 -0.067682019907 -0.001127954619  0.067684651745  0.997703666613  0.002486271301  0.000957088596 -0.002556913770  0.999996273080 
1.75095  1.774968e+00 -1.104785e-02  2.085431e+02  2.503902e-03  1.432367e-02  1.490234e+02  0.997706290796 -0.067690470046 -0.000396951726  0.067691309966  0.997702504034  0.002756809472  0.000209430002 -0.002777356335  0.999996121208 
1.87712  1.776626e+00 -7.487231e-03  2.278642e+02 -3.933677e-03  2.910883e-02  1.517613e+02  0.997705807974 -0.067694791773  0.000732052597  0.067692320533  0.997701754355  0.002993175084 -0.000932992525 -0.002936753827  0.999995252490 
2.00044  1.778252e+00 -3.129042e-03  2.430692e+02 -9.526751e-04  4.156974e-02  1.165780e+02  0.997701535858 -0.067694839923  0.003008985572  0.067689593395  0.997704782600  0.001812656091 -0.003124786760 -0.001604812757  0.999993830123 
2.12599  1.780005e+00  2.069740e-03  2.613868e+02  5.831569e-03  4.883838e-02  1.085623e+02  0.997698829377 -0.067688214792  0.003918091008  0.067687334730  0.997706518628  0.000356936172 -0.003933265311 -0.000090909664  0.999992260550 
2.25115  1.782528e+00  7.968752e-03  2.777330e+02  1.511594e-02  5.507224e-02  1.307841e+02  0.997703350792 -0.067673071331  0.002894690886  0.067681221883  0.997703020452 -0.002816946031 -0.002697410451  0.003006392711  0.999991842757 
2.37535  1.785406e+00  1.382050e-02  2.908904e+02  2.110992e-02  6.152049e-02  9.633679e+01  0.997700391241 -0.067663160623 -0.003952975151  0.067653122688  0.997705462071 -0.002620294557  0.004121202311  0.002346837792  0.999988753959 
2.50084  1.787588e+00  1.969384e-02  3.050976e+02  4.095481e-02  5.060287e-02  9.625274e+01  0.997709748557 -0.067619762969 -0.001680860091  0.067627687611  0.997696986083  0.005217262534  0.001324198991 -0.005318986372  0.999984977328 
2.62543  1.788702e+00  2.803672e-02  3.173038e+02 -1.439703e-02  3.325189e-02  7.332261e+01  0.997700017647 -0.067553436655  0.005586410675  0.067576393548  0.997705971992 -0.004027963136 -0.005301492539  0.004396208378  0.999976283483 
2.75106  1.792085e+00  3.273246e-02  3.264043e+02  4.770576e-02  8.947527e-02  1.122485e+02  0.997701880761 -0.067469300362 -0.006233027655  0.067501839563  0.997705773698  0.005166312487  0.005870160190 -0.005575180517  0.999967228754 
2.87623  1.790542e+00  4.398285e-02  3.348378e+02 -4.160251e-02  3.165264e-02  7.468571e+01  0.997711632749 -0.067345477430  0.006007041409  0.067390758125  0.997697069523 -0.007683956288 -0.005475727906  0.008071191649  0.999952435003 
3.00181  1.793459e+00  4.567746e-02  3.431446e+02  9.152471e-02  5.167894e-02  7.426302e+01  0.997463735303 -0.071173889062 -0.000611777573  0.071176265696  0.997400450797  0.011237435309 -0.000189624747 -0.011252478242  0.999936670883 
3.12565  1.799984e+00  5.848482e-02  3.506059e+02 -2.573275e-02  1.031291e-01  2.008082e+01  0.997346856708 -0.072137463971 -0.009769017697  0.072033938587  0.997346229526 -0.010564570171  0.010505194267  0.009832840031  0.999896472716 
3.25224  1.795367e+00  6.503015e-02  3.561241e+02 -1.222310e-02  2.919823e-03  1.847238e+00  0.999185605072 -0.037381433901  0.015190622619  0.037441490504  0.999292014415 -0.003688457112 -0.015041988061  0.004254212804  0.999877812669 
3.37576  1.799224e+00  6.636481e-02  3.611231e+02  6.212952e-02  4.906295e-02 -2.441429e+00  0.999872831598 -0.015716628103 -0.002703374524  0.015756041010  0.999759800882  0.015234425224  0.002463291380 -0.015275082366  0.999880294862 
3.50197  1.804654e+00  7.643946e-02  3.685658e+02  6.448053e-03  8.940838e-02 -6.250749e+00  0.999676237349 -0.019730900613 -0.016065865673  0.019622815490  0.999783935097 -0.006857713457  0.016197703266  0.006540235668  0.999847418223 
3.62751  1.802228e+00  8.492036e-02  3.729658e+02 -3.186129e-02  3.305282e-02 -9.576996e+00  0.999378692255  0.034826129629  0.005419424541 -0.034745675244  0.999293988921 -0.014292017272 -0.005913334013  0.014094835966  0.999883177216 
3.75126  1.797269e+00  8.807831e-02  3.784007e+02 -7.363299e-02  2.913310e-02 -9.661366e-01  0.999813817179  0.002810435025  0.019090113510 -0.002911478773  0.999981889471  0.005267259382 -0.019074964488 -0.005321859169  0.999803892543 
3.87508  1.785375e+00  8.977403e-02  3.819581e+02 -1.075344e-01 -7.170056e-03 -3.747162e+00  0.999935203561 -0.011210713430  0.001977013885  0.011178829326  0.999817970032  0.015461583857 -0.002149989395 -0.015438481300  0.999878508040 
4.00132  1.773499e+00  8.718179e-02  3.860576e+02 -7.834054e-02 -3.321393e-02 -6.164114e+00  0.999749367423 -0.017575942004 -0.013866816504  0.017624096956  0.999839044093  0.003358141423  0.013805562059 -0.003601689882  0.999898211963 
4.12642  1.766169e+00  8.370477e-02  3.894530e+02 -4.091204e-02 -1.860356e-02 -8.489551e+00  0.999745787627 -0.020872576444 -0.008526175864  0.020777526581  0.999722631480 -0.011088484843  0.008755256219  0.010908513167  0.999902170129 
4.25295  1.761334e+00  8.328001e-02  3.942477e+02 -3.814104e-02  1.173519e-02 -6.608563e+00  0.999709754571 -0.022305521463  0.009103314069  0.022397692204  0.999697596266 -0.010151817776 -0.008874119603  0.010352764484  0.999907030813 
4.37711  1.755560e+00  8.597115e-02  3.957543e+02 -5.752679e-02  2.849189e-02 -8.615305e+00  0.999573683316 -0.022988986868  0.017998836192  0.022952586967  0.999734075709  0.002226346222 -0.018045231309 -0.001812277240  0.999835529114 
4.50167  1.747272e+00  8.931647e-02  3.985326e+02 -7.399122e-02  2.377945e-02 -2.850640e+00  0.999646067898 -0.023298475649  0.012842116972  0.023128976364  0.999645436256  0.013192885372 -0.013144937741 -0.012891190966  0.999830499538 
4.62626  1.736748e+00  9.213083e-02  4.015038e+02 -8.587092e-02  1.481262e-02 -4.692281e+00  0.999728347816 -0.023306894566 -0.000138702252  0.023306377210  0.999617588512  0.014882523971 -0.000208216206 -0.014881713748  0.999889239487 
4.75047  1.726511e+00  9.262719e-02  4.021474e+02 -8.291733e-02 -2.817398e-03 -6.342040e+00  0.999676475224 -0.023302405316 -0.010195233671  0.023388087086  0.999691446377  0.008367163367  0.009997112863 -0.008602903395  0.999913020111 
4.87769  1.715722e+00  9.235213e-02  4.068340e+02 -7.400304e-02  5.208228e-04 -8.088841e+00  0.999640335462 -0.023378506235 -0.013139450658  0.023353045631  0.999725100299 -0.002087843972  0.013184649300  0.001780246858  0.999911493955 
5.00005  1.707173e+00  9.277654e-02  4.077147e+02 -7.269761e-02  1.032701e-02 -9.512938e+00  0.999685637398 -0.023406151365 -0.008987683687  0.023325156691  0.999687300407 -0.009013238626  0.009195838469  0.008800766070  0.999918988254 
5.12875  1.698711e+00  9.488418e-02  4.104509e+02 -6.196519e-02  2.347206e-02  4.459667e+01  0.999727529227 -0.023341974662 -0.000139731722  0.023338561404  0.999653978507 -0.012134035030  0.000422915710  0.012127467722  0.999926370124 
5.25182  1.690458e+00  9.830543e-02  4.119282e+02 -6.649046e-02  2.851594e-02  3.112050e-01  0.999675529909 -0.023220702353  0.010470620051  0.023329441122  0.999673887091 -0.010385405380 -0.010226049039  0.010626309341  0.999891248822 
5.37685  1.682283e+00  1.017479e-01  4.112987e+02 -6.672914e-02  2.848430e-02 -1.039774e+00  0.999534733370 -0.023122424513  0.019891462261  0.023241482661  0.999713199434 -0.005775150392 -0.019752221899  0.006234770482  0.999785465671 
5.50364  1.674230e+00  1.051949e-01  4.122258e+02 -6.569815e-02  2.910949e-02 -2.375686e+00  0.999333301020 -0.023071272681  0.028296110152  0.023074098021  0.999733731852  0.000226709345 -0.028293806273  0.000426349021  0.999599559200 
5.62787  1.666011e+00  1.088797e-01  4.127375e+02 -6.572378e-02  2.904277e-02 -3.692721e+00  0.999098249204 -0.023077133086  0.035638944501  0.022862574461  0.999718027553  0.006416235298 -0.035776963617 -0.005595651430  0.999344133699 
5.7534  1.657754e+00  1.126764e-01  4.192601e+02 -6.939331e-02  2.937462e-02 -5.002677e+00  0.998835644772 -0.023139531069  0.042331038663  0.022648158416  0.999670864202  0.012050899831 -0.042595958174 -0.011078148233  0.999030959970 
5.87583  1.649393e+00  1.160236e-01  4.170906e+02 -6.235130e-02  2.288752e-02 -6.296001e+00  0.998529838754 -0.023257404620  0.048961763116  0.022456892119  0.999606025576  0.016836912684 -0.049334056325 -0.015712630676  0.998658732563 
6.00338  1.641669e+00  1.186331e-01  4.157700e+02 -5.729706e-02  1.869313e-02 -7.577104e+00  0.998151163921 -0.023430586747  0.056082631611  0.022294408419  0.999535057370  0.020799722176 -0.056543906100 -0.019510937805  0.998209451963 
6.12738  1.634618e+00  1.210948e-01  4.190860e+02 -5.139896e-02  1.510988e-02 -8.847377e+00  0.997665223199 -0.023657355885  0.064065840601  0.022150350369  0.999463364284  0.024131834421 -0.064602355978 -0.022656411158  0.997653859129 
6.25187  1.628574e+00  1.230828e-01  4.196256e+02 -5.360723e-02  1.706401e-02 -9.989079e+00  0.997112660903 -0.023901981634  0.072076603290  0.022020628321  0.999398651098  0.026784848561 -0.072673471062 -0.025120339529  0.997039384952 
6.37664  1.621589e+00  1.247622e-01  4.195342e+02 -5.419766e-02  1.167709e-02  7.897426e+00  0.996369546642 -0.024202415660  0.081620889481  0.021855618337  0.999325092782  0.029524411667 -0.082280365037 -0.027633349659  0.996226048403 
6.50154  1.614745e+00  1.256699e-01  4.210015e+02 -5.088476e-02  5.893346e-03  6.624294e+00  0.995534971904 -0.024504955807  0.091157154721  0.021654002064  0.999248976044  0.032133908418 -0.091876133520 -0.030016512397  0.995317931654 
6.62659  1.608716e+00  1.266571e-01  4.205619e+02 -5.122760e-02  8.887967e-03  5.484484e+00  0.994723053963 -0.024778739007  0.099559329088  0.021447379447  0.999178217881  0.034393296246 -0.100329735523 -0.032076517970  0.994437047361 
6.75202  1.601666e+00  1.280518e-01  4.185550e+02 -5.576945e-02  8.676089e-03  4.229057e+00  0.993759907077 -0.025088475550  0.108682176465  0.021196660328  0.999097169712  0.036817754736 -0.109507756244 -0.034284309347  0.993394502428 
6.87801  1.594432e+00  1.292781e-01  4.181426e+02 -5.366982e-02  1.019805e-02  2.967185e+00  0.992785389917 -0.025385754928  0.117186744190  0.020928548600  0.999015705106  0.039110315833 -0.118064242769 -0.036375601683  0.992339483333 
7.00041  1.587736e+00  1.302941e-01  4.187779e+02 -6.389579e-02  8.472449e-03  1.844805e+00  0.991990886291 -0.025611873998  0.123685542507  0.020683316083  0.998946331025  0.040968624184 -0.124604502128 -0.038082274644  0.991475394756 
7.12819  1.578609e+00  1.312522e-01  4.176342e+02 -7.387989e-02  8.301159e-03  6.089354e-01  0.991354454772 -0.025768300225  0.128655896512  0.020430369459  0.998881637322  0.042638886309 -0.129610744183 -0.039641762390  0.990772216843 
7.25275  1.569002e+00  1.325992e-01  4.176727e+02 -8.943149e-02  1.252026e-02 -4.949758e-01  0.991176234155 -0.025768810282  0.130021695351  0.020251082524  0.998844570883  0.043582300012 -0.130994528519 -0.040564659919  0.990552846578 
7.3787  1.556743e+00  1.339361e-01  4.143356e+02 -1.152988e-01  1.053750e-02 -1.585556e+00  0.991556819824 -0.025572189350  0.127126457485  0.020153434638  0.998840086165  0.043730096519 -0.128097276057 -0.040798840683  0.990922066797 
7.50166  1.541162e+00  1.346994e-01  4.151466e+02 -1.428164e-01 -2.339674e-04 -2.669425e+00  0.992664998859 -0.025104390609  0.118262291589  0.020171988068  0.998883362663  0.042721407884 -0.119202730409 -0.040022460774  0.992062957527 
7.62629  1.521098e+00  1.342075e-01  4.137625e+02 -1.837593e-01 -1.139072e-02 -3.730751e+00  0.994588845171 -0.024283168833  0.101011666517  0.020326012330  0.998992046907  0.040021787062 -0.101881707308 -0.037752058597  0.994079926257 
7.75275  1.494501e+00  1.322900e-01  4.103311e+02 -2.418471e-01 -2.355919e-02 -4.767929e+00  0.997146289860 -0.023042237480  0.071891111478  0.020579128869  0.999181827434  0.034816306246 -0.072634537739 -0.033237494152  0.996804641296 
7.87633  1.460220e+00  1.288770e-01  4.112711e+02 -2.945144e-01 -2.729081e-02 -5.802763e+00  0.999357417078 -0.021509839643  0.028671932793  0.020752557734  0.999434627607  0.026452910740 -0.029224720342 -0.025840896611  0.999238792173 
8.00179  1.419846e+00  1.245230e-01  4.091310e+02 -3.254272e-01 -4.099430e-02 -6.811227e+00  0.999425730289 -0.020084295948 -0.027291586489  0.020497093748  0.999678418218  0.014930817020  0.026982935064 -0.015481640910  0.999516002878 
8.12926  1.381411e+00  1.192945e-01  4.041514e+02 -3.227006e-01 -4.985038e-02 -7.696162e+00  0.996293478710 -0.019312767393 -0.083823154885  0.019596695175  0.999804674302  0.002565693150  0.083757231434 -0.004198840169  0.996477343407 
8.25389  1.339979e+00  1.129585e-01  4.043606e+02 -2.811436e-01 -4.246284e-02 -8.678145e+00  0.988951911892 -0.019321148302 -0.146972137474  0.017696235102  0.999767064644 -0.012355554034  0.147176625959  0.009618195286  0.989063461609 
8.37564  1.310477e+00  1.084875e-01  4.015183e+02 -1.904658e-01 -3.039865e-02 -9.532750e+00  0.980889241404 -0.020020931907 -0.193534127183  0.015520720399  0.999573396999 -0.024741286350  0.193946908553  0.021264672524  0.980781530396 
8.50487  1.294309e+00  1.065380e-01  4.001127e+02 -5.339034e-02 -1.913120e-03 -6.590945e+00  0.974905282206 -0.020879446193 -0.221638758914  0.013611340758  0.999319930613 -0.034269632059  0.222203560118  0.030392844641  0.974526476226 
8.62627  1.297255e+00  1.077012e-01  3.961157e+02  1.170966e-01  2.517712e-02 -7.397200e+00  0.974452006061 -0.021218494962 -0.223591286401  0.012811508615  0.999157712249 -0.038983731222  0.224230134304  0.035123233401  0.973903078004 
8.75548  1.321221e+00  1.127335e-01  3.941564e+02  2.887223e-01  6.085797e-02 -8.079915e+00  0.980944246778 -0.020576190525 -0.193196804055  0.013734550705  0.999232464487 -0.036685746986  0.193803371566  0.033333201143  0.980473941964 
8.88065  1.365920e+00  1.220381e-01  3.921429e+02  4.417127e-01  9.584946e-02 -8.642374e+00  0.992185893651 -0.019197673480 -0.123282609369  0.016277797247  0.999563654291 -0.024648211653  0.123702003850  0.022448838586  0.992065453430 
9.00467  1.428531e+00  1.360269e-01  3.910736e+02  5.167109e-01  1.210454e-01 -9.082144e+00  0.999548491552 -0.018602741617 -0.023595572477  0.018547525642  0.999824710636 -0.002556813471  0.023639000165  0.002118019563  0.999718316159 
9.13184  1.493074e+00  1.510616e-01  3.877251e+02  4.997732e-01  1.168544e-01 -9.354767e+00  0.998606173522 -0.019415052502  0.049079180319  0.018509310923  0.999651124838  0.018842346413 -0.049427882957 -0.017907661644  0.998617143875 
9.25297  1.547969e+00  1.634618e-01  3.845530e+02  4.337135e-01  9.389376e-02 -9.481181e+00  0.998566974545 -0.019037638748  0.050015654131  0.017705496460  0.999480135192  0.026943918651 -0.050502601342 -0.026019755342  0.998384925562 
9.39131  1.602082e+00  1.738670e-01  3.831851e+02  4.010276e-01  6.353383e-02 -9.501778e+00  0.999060874805 -0.016117935705 -0.040219156914  0.016639719600  0.999781237969  0.012672645248  0.040006101608 -0.013329979542  0.999110516149 
9.50395  1.655671e+00  1.815991e-01  3.803972e+02  4.995452e-01  6.399262e-02 -9.425136e+00  0.989636555053 -0.014990700783 -0.142810251009  0.013128433348  0.999816175038 -0.013973559681  0.142993472372  0.011953870602  0.989651439567 
9.62503  1.720135e+00  1.891310e-01  3.783174e+02  6.726331e-01  7.505312e-02 -9.270772e+00  0.986536258848 -0.015224821521 -0.162832474610  0.010614497777  0.999518807002 -0.029145958314  0.163197862777  0.027025159736  0.986223148342 
9.755  1.826457e+00  2.010961e-01  3.772527e+02  8.689482e-01  1.045161e-01 -8.982272e+00  0.997894513403 -0.014009955963 -0.063326623584  0.012987723935  0.999779094645 -0.016525160724  0.063544151168  0.015667898514  0.997856030602 
9.88066  1.932770e+00  2.145108e-01  3.720197e+02  9.258863e-01  1.200891e-01 -8.678637e+00  0.999193359507 -0.014657339040  0.037387066339  0.014234645684  0.999832005237  0.011547128025 -0.037550035678 -0.011005622002  0.999234142283 
10.0044  2.046916e+00  2.287184e-01  3.701053e+02  8.978376e-01  9.587001e-02 -8.301683e+00  0.999233605859 -0.014420216718  0.036390359596  0.013461679516  0.999559509913  0.026449372922 -0.036755735693 -0.025939226919  0.998987573697 
10.1307  2.168690e+00  2.393614e-01  3.678671e+02  9.339356e-01  6.669489e-02 -7.870174e+00  0.996427623636 -0.010930489027 -0.083740762264  0.011386197434  0.999922842551  0.004966231285  0.083680017703 -0.005901978890  0.996475198528 
10.2514  2.281152e+00  2.470714e-01  3.653951e+02  1.070760e+00  7.400836e-02 -7.483910e+00  0.988042543260 -0.010226676591 -0.153841957197  0.006202817105  0.999626564429 -0.026613093550  0.154056670638  0.025340615112  0.987737007233 
10.3767  2.424998e+00  2.579962e-01  3.646481e+02  1.241542e+00  1.072475e-01 -7.043036e+00  0.995213284098 -0.007452933781 -0.097442151724  0.003692212970  0.999243359755 -0.038717897020  0.097656984993  0.038172788270  0.994487783493 
10.5043  2.589323e+00  2.744845e-01  3.608477e+02  1.330198e+00  1.551579e-01 -6.592510e+00  0.999509814877 -0.003973088083  0.031053897280  0.004465215252  0.999865292394 -0.015794268529 -0.030986962064  0.015925188749  0.999392913996 
10.6318  2.758965e+00  2.956293e-01  3.574540e+02  1.320057e+00  1.716385e-01 -6.127941e+00  0.998176867870 -0.004903321360  0.060157276283  0.004433050188  0.999958585167  0.007948334225 -0.060193758117 -0.007667163137  0.998157265211 
10.7535  2.929111e+00  3.189869e-01  3.559984e+02  1.331882e+00  1.930976e-01 -5.673449e+00  0.998808175450 -0.005747638021 -0.048468477504  0.005533061509  0.999974294831 -0.004560143369  0.048493441667  0.004286529411  0.998814302952 
10.8759  3.085723e+00  3.421577e-01  3.557798e+02  1.417819e+00  2.171394e-01 -5.283754e+00  0.990733454346 -0.006989995503 -0.135640563267  0.001996889739  0.999316506272 -0.036912500913  0.135805872008  0.036299590289  0.990070252494 
11.006  3.277617e+00  3.739580e-01  3.512001e+02  1.552828e+00  2.816278e-01 -4.853912e+00  0.995578466419 -0.002559845243 -0.093898692193 -0.002565126966  0.998514919103 -0.054418530411  0.093898548055  0.054418779119  0.994093385529 
11.1258  3.467211e+00  4.100895e-01  3.498219e+02  1.621437e+00  3.310314e-01 -4.471020e+00  0.999620180934  0.004758009024  0.027145077251 -0.003776297402  0.999340950690 -0.036102684824 -0.027298964207  0.035986464451  0.998979349601 
11.2554  3.689476e+00  4.588090e-01  3.481924e+02  1.610891e+00  3.875693e-01 -4.044382e+00  0.997188130261  0.004708487728  0.074790794951 -0.004106406019  0.999957931844 -0.008201949326 -0.074826267418  0.007871765143  0.997165515357 
11.3812  3.890531e+00  5.094203e-01  3.457755e+02  1.596830e+00  4.244150e-01 -3.669707e+00  0.999739719467  0.000761425627 -0.022801612897 -0.001113225295  0.999880484991 -0.015420002092  0.022787146577  0.015441371898  0.999621083203 
11.5012  4.070749e+00  5.586710e-01  3.456595e+02  1.641997e+00  4.664482e-01 -3.356503e+00  0.993155435750 -0.002750726957 -0.116767777842 -0.002402411477  0.999030058356 -0.043967839623  0.116775463433  0.043947423169  0.992185524555 
11.6306  4.287431e+00  6.221738e-01  3.434272e+02  1.734092e+00  5.271349e-01 -3.017608e+00  0.994966179305  0.001109111834 -0.100205149123 -0.007591200697  0.997899801685 -0.064330082149  0.099923349182  0.064766933448  0.992884972502 
11.7547  4.503054e+00  6.904296e-01  3.436229e+02  1.792453e+00  5.974092e-01 -2.745918e+00  0.999810434475  0.011319975627  0.015841504537 -0.010496120979  0.998635484122 -0.051156634925 -0.016398980413  0.050980663042  0.998564993096 
11.8822  4.747314e+00  7.761440e-01  3.399839e+02  1.781513e+00  6.670245e-01 -2.502575e+00  0.996028331872  0.013772576044  0.087965210496 -0.011679404289  0.999637310743 -0.024265994427 -0.088267511713  0.023142236694  0.995827938580 
12.002  4.956356e+00  8.572735e-01  3.377418e+02  1.760252e+00  7.115570e-01 -2.326529e+00  0.999505251783  0.009050719022  0.030122020910 -0.008409669166  0.999736888430 -0.021340838242 -0.030307245388  0.021076963670  0.999318383939 
12.1322  5.186198e+00  9.530540e-01  3.364241e+02  1.782740e+00  7.674658e-01 -2.171056e+00  0.996115861736  0.002357330434 -0.088020639576 -0.006382136578  0.998945211501 -0.045472329530  0.087820603111  0.045857468459  0.995080214986 
12.2534  5.404871e+00  1.049288e+00  3.356492e+02  1.846473e+00  8.300842e-01 -2.049980e+00  0.992806891402  0.002155176166 -0.119707274637 -0.010264913382  0.997688659215 -0.067171205344  0.119285824550  0.067916820375  0.990534299038 
12.3846  5.648675e+00  1.161321e+00  3.330003e+02  1.919005e+00  9.083121e-01 -1.949185e+00  0.999401899723  0.012591096235 -0.032207252674 -0.014655369974  0.997798304567 -0.064682018629  0.031321924592  0.065115341500  0.997386048299 
12.5021  5.872827e+00  1.270539e+00  3.325992e+02  1.927761e+00  9.757416e-01 -1.874488e+00  0.997491419338  0.020293649337  0.067816193811 -0.017258938022  0.998836122249 -0.045039204573 -0.068651273875  0.043755784610  0.996680708105 
12.6375  6.130062e+00  1.405068e+00  3.291759e+02  1.898128e+00  1.032373e+00 -1.801436e+00  0.996595146644  0.018344145902  0.080384115322 -0.015937968401  0.999408495523 -0.030473599059 -0.080895579905  0.029088681433  0.996298024571 
12.7548  6.350251e+00  1.527844e+00  3.290575e+02  1.881015e+00  1.077237e+00 -1.748335e+00  0.999909645522  0.011136645984 -0.007528340316 -0.011427434850  0.999144116678 -0.039754846747  0.007079161281  0.039837284338  0.999181102830 
12.8839  6.597532e+00  1.672557e+00  3.263610e+02  1.911161e+00  1.142422e+00 -1.697405e+00  0.994396330384  0.004315023237 -0.105628209740 -0.010969734254  0.997984573683 -0.062501644948  0.105145627816  0.063310119770  0.992439532509 
13.0044  6.831074e+00  1.814256e+00  3.259251e+02  1.971381e+00  1.219471e+00 -1.654289e+00  0.995052647267  0.007728518621 -0.099047963968 -0.014888377386  0.997311313086 -0.071752916385  0.098227111253  0.072872592865  0.992492327338 
13.1359  7.089111e+00  1.976454e+00  3.235149e+02  2.019078e+00  1.293903e+00 -1.618350e+00  0.999805236099  0.019413588860  0.003549991058 -0.019165091415  0.998005670608 -0.060144664818 -0.004710535001  0.060064914906  0.998183358335 
13.2559  7.332082e+00  2.136285e+00  3.212686e+02  2.009457e+00  1.365723e+00 -1.591365e+00  0.996024492832  0.024847441176  0.085544224503 -0.021171615691  0.998824175350 -0.043612262338 -0.086527292618  0.041627772031  0.995379403156 
13.3814  7.580340e+00  2.309811e+00  3.212514e+02  1.975484e+00  1.427652e+00 -1.571165e+00  0.997391215488  0.020840090462  0.069111894039 -0.018079269648  0.999022642541 -0.040334844726 -0.069884928827  0.038980127239  0.996793181359 
13.5094  7.830678e+00  2.495579e+00  3.185206e+02  1.957760e+00  1.502386e+00 -1.547021e+00  0.999372843844  0.011376761328 -0.033533390651 -0.013217890423  0.998387592930 -0.055204181502  0.032851276378  0.055612800543  0.997911824790 
13.6406  8.094037e+00  2.700899e+00  3.161354e+02  1.994720e+00  1.580672e+00 -1.536439e+00  0.993986989501  0.005907172835 -0.109338785491 -0.013723030842  0.997391214859 -0.070869196032  0.108634907503  0.071943518338  0.991474955327 
13.7503  8.314445e+00  2.876971e+00  3.161934e+02  2.039308e+00  1.644528e+00 -1.529171e+00  0.996567948463  0.011298560517 -0.082004064690 -0.017045799655  0.997420479285 -0.069726811318  0.081004720909  0.070885330166  0.994189873796 
13.8893  8.596836e+00  3.107805e+00  3.139558e+02  2.069560e+00  1.726314e+00 -1.516494e+00  0.999308731874  0.023095757925  0.029131501262 -0.021498071700  0.998308770963 -0.054013245892 -0.030329710073  0.053349637154  0.998115186190 
14.0075  8.844235e+00  3.318424e+00  3.131000e+02  2.051933e+00  1.796074e+00 -1.509302e+00  0.995551250206  0.026253741009  0.090490050810 -0.022282879208  0.998755658847 -0.044616221437 -0.091548793038  0.042401356160  0.994897453755 
14.1403  9.109942e+00  3.556977e+00  3.114219e+02  2.009427e+00  1.869056e+00 -1.495600e+00  0.998676017479  0.019889360961  0.047440757092 -0.017442358748  0.998523350080 -0.051447871356 -0.048393968986  0.050552276569  0.997548239986 
14.2636  9.359510e+00  3.794227e+00  3.087373e+02  2.003167e+00  1.936056e+00 -1.498391e+00  0.998478763451  0.009747749459 -0.054269147023 -0.013383407798  0.997660650145 -0.067038135026  0.053488721557  0.067662460290  0.996273430406 
14.3768  9.589716e+00  4.018631e+00  3.062337e+02  2.045486e+00  2.008386e+00 -1.498488e+00  0.994362993911  0.006150486292 -0.105850875566 -0.013971849830  0.997211447177 -0.073308369445  0.105104822687  0.074374062258  0.991676093849 
14.506  9.854284e+00  4.279910e+00  3.071952e+02  2.097247e+00  2.089064e+00 -1.492397e+00  0.998064576274  0.013644172792 -0.060670735416 -0.017525225087  0.997802137428 -0.063904311508  0.059665468009  0.064843897881  0.996110084697 
14.6302  1.011528e+01  4.542245e+00  3.047571e+02  2.126935e+00  2.163795e+00 -1.492397e+00  0.998965297033  0.023348340037  0.039028071203 -0.021397179837  0.998535706884 -0.049685035705 -0.040130985776  0.048798535793  0.998002107656 
14.7633  1.040382e+01  4.839761e+00  3.020315e+02  2.115888e+00  2.231956e+00 -1.477939e+00  0.995728120894  0.025012878700  0.088881185631 -0.020811929780  0.998636194754 -0.047881250042 -0.089957616903  0.045826918136  0.994890707935 
14.8825  1.064884e+01  5.103362e+00  3.019223e+02  2.084928e+00  2.298724e+00 -1.473397e+00  0.999196501070  0.017893051640  0.035863504466 -0.015703427636  0.998048742972 -0.060432681660 -0.036874850644  0.059820944118  0.997527794116 
15.0023  1.090057e+01  5.385407e+00  2.996171e+02  2.077598e+00  2.375218e+00 -1.468494e+00  0.998176936097  0.007683614981 -0.059864566350 -0.012113899595  0.997184846065 -0.073997541952  0.059127469759  0.074587833051  0.995459992908 
15.1316  1.117295e+01  5.698970e+00  2.978338e+02  2.124062e+00  2.458220e+00 -1.466981e+00  0.994747453184  0.005141499779 -0.102230471800 -0.012409377826  0.997428590114 -0.070584806904  0.101604683585  0.071482673452  0.992253352562 
15.2584  1.143459e+01  6.001616e+00  2.975186e+02  2.178929e+00  2.524839e+00 -1.471638e+00  0.998902786836  0.011880984092 -0.045299720392 -0.013892676467  0.998919209232 -0.044355461533  0.044723774340  0.044936128496  0.997988240594 
15.3914  1.172787e+01  6.343032e+00  2.950230e+02  2.193128e+00  2.579387e+00 -1.477931e+00  0.998454081928  0.017211037612  0.052850983575 -0.016633621091  0.999797276123 -0.011345893822 -0.053035544024  0.010449250765  0.998537953324 
15.5058  1.198711e+01  6.649721e+00  2.934595e+02  2.175844e+00  2.604076e+00 -1.477711e+00  0.996887830722  0.017271393907  0.076917825709 -0.017215630908  0.999850836580 -0.001388035820 -0.076930325696  0.000059527119  0.997036469466 
15.6476  1.227264e+01  6.993038e+00  2.920454e+02  2.163383e+00  2.610580e+00 -1.482465e+00  0.999871452398  0.015429512801  0.004359910002 -0.015365589795  0.999779204672 -0.014333197644 -0.004580101611  0.014264362557  0.999887769017 
15.7629  1.253856e+01  7.314134e+00  2.900443e+02  2.174828e+00  2.623080e+00 -1.481796e+00  0.996405346271  0.012727515281 -0.083751992673 -0.014980279445  0.999541192730 -0.026324803189  0.083378517316  0.027484802892  0.996138849990 
15.8787  1.279609e+01  7.622209e+00  2.882473e+02  2.227306e+00  2.632405e+00 -1.478943e+00  0.994599668703  0.011846547240 -0.103107508620 -0.013828026125  0.999732786955 -0.018524048736  0.102860510931  0.019849786058  0.994497713061 
16.0014  1.305323e+01  7.923548e+00  2.872317e+02  2.284566e+00  2.647378e+00 -1.491390e+00  0.999017065791  0.011903287702 -0.042699110066 -0.011652461624  0.999913389125  0.006118364686  0.042768240513 -0.005614800994  0.999069242652 
16.1397  1.338758e+01  8.306305e+00  2.856968e+02  2.319149e+00  2.631159e+00 -1.492422e+00  0.998400670403  0.009940407346  0.055653298552 -0.011741183369  0.999414921212  0.032124132244 -0.055301410027 -0.032726190752  0.997933239494 
16.2552  1.365908e+01  8.614395e+00  2.834744e+02  2.298303e+00  2.605884e+00 -1.486248e+00  0.997884634933  0.010515319109  0.064153592483 -0.012463214232  0.999471031260  0.030038741026 -0.063803790291 -0.030774758090  0.997487839830 
16.386  1.393400e+01  8.926523e+00  2.824134e+02  2.277139e+00  2.578689e+00 -1.487193e+00  0.999881674034  0.013402235212 -0.007551027847 -0.013313160731  0.999842622290  0.011725630232  0.007706989137 -0.011623714738  0.999902741057 
16.515  1.425350e+01  9.286281e+00  2.799057e+02  2.298853e+00  2.549908e+00 -1.492428e+00  0.995188331349  0.014271708977 -0.096935563496 -0.014253004629  0.999898028736  0.000885431273  0.096938315472  0.000500452164  0.995290265471 
16.6332  1.452260e+01  9.580804e+00  2.791730e+02  2.351072e+00  2.528397e+00 -1.494094e+00  0.995225896472  0.012750998339 -0.096761702309 -0.011394416165  0.999829079681  0.014559488501  0.096930811782 -0.013387436891  0.995201082325 
16.7572  1.480802e+01  9.882966e+00  2.781140e+02  2.404095e+00  2.501491e+00 -1.512562e+00  0.999713591306  0.008432533243 -0.022397047602 -0.007514381675  0.999140432594  0.040766775981  0.022721563024 -0.040586800058  0.998917635361 
16.8781  1.511149e+01  1.019492e+01  2.767656e+02  2.429027e+00  2.462752e+00 -1.513774e+00  0.998485774716  0.003931117823  0.054869882473 -0.006987044009  0.998427903788  0.055613866558 -0.054564997076 -0.055913032919  0.996943525905 
17.0156  1.544200e+01  1.052666e+01  2.744752e+02  2.424602e+00  2.400401e+00 -1.512819e+00  0.998851852731  0.006432805000  0.047472047725 -0.008479696036  0.999037225749  0.043043191371 -0.047149454403 -0.043396319983  0.997944732118 
17.126  1.570199e+01  1.078192e+01  2.732798e+02  2.427998e+00  2.353422e+00 -1.512790e+00  0.999674448316  0.011215662007 -0.022917380102 -0.010665889236  0.999655723025  0.023972363895  0.023178356106 -0.023720125414  0.999449908429 
17.2615  1.604378e+01  1.110909e+01  2.713293e+02  2.463472e+00  2.311109e+00 -1.517927e+00  0.994686012868  0.013370589307 -0.102083118809 -0.011681367290  0.999785075051  0.017127444764  0.102290182630 -0.015843959338  0.994628416792 
17.3816  1.634269e+01  1.138435e+01  2.704209e+02  2.526660e+00  2.268840e+00 -1.512487e+00  0.996073554410  0.010437138202 -0.087912117198 -0.007333604118  0.999340920153  0.035551983887  0.088225237063 -0.034767678291  0.995493604244 
17.5121  1.667040e+01  1.167311e+01  2.692326e+02  2.572645e+00  2.215629e+00 -1.506949e+00  0.999989555924  0.003009098902 -0.003439966189 -0.002791265905  0.998093029247  0.061664526293  0.003618960933 -0.061654280404  0.998091004282 
17.6384  1.700362e+01  1.195499e+01  2.672141e+02  2.583958e+00  2.137933e+00 -1.504835e+00  0.998253239549 -0.001336343550  0.059065082042 -0.002633224506  0.997744275267  0.067077770545 -0.059021486422 -0.067116133370  0.995997936133 
17.7638  1.731929e+01  1.221358e+01  2.650911e+02  2.572502e+00  2.084816e+00 -1.495516e+00  0.999417814176  0.003062664400  0.033980182369 -0.004711584716  0.998809518463  0.048552515864 -0.033791029527 -0.048684349786  0.998242455724 
17.8832  1.762678e+01  1.246004e+01  2.634389e+02  2.586645e+00  2.036137e+00 -1.501692e+00  0.998871958590  0.009213575337 -0.046582404108 -0.007910231819  0.999574193683  0.028086643735  0.046821347434 -0.027686483222  0.998519514116 
18.0085  1.796160e+01  1.271881e+01  2.620710e+02  2.638290e+00  1.980900e+00 -1.507342e+00  0.994443829561  0.010772299738 -0.104715936736 -0.007889242083  0.999579377044  0.027907505232  0.104972518821 -0.026926317001  0.994110528938 
18.1274  1.827615e+01  1.295049e+01  2.608169e+02  2.700548e+00  1.933688e+00 -1.501553e+00  0.996880229021  0.006533382047 -0.078658272969 -0.002684220248  0.998798021786  0.048941869987  0.078883483374 -0.048578046432  0.995699537740 
18.267  1.865559e+01  1.321511e+01  2.586900e+02  2.749489e+00  1.856294e+00 -1.492827e+00  0.999910636800 -0.002844267645  0.013062486561  0.001876831072  0.997294487242  0.073485938941 -0.013236159516 -0.073454855921  0.997210704025 
18.388  1.899204e+01  1.343812e+01  2.578280e+02  2.757016e+00  1.787029e+00 -1.492322e+00  0.998353595272 -0.005589886069  0.057086355466  0.001502699229  0.997447350696  0.071389946658 -0.057339695689 -0.071186626290  0.995813548580 
18.5147  1.933424e+01  1.365548e+01  2.551804e+02  2.757703e+00  1.713451e+00 -1.486432e+00  0.999843087236  0.000408158637  0.017709723674 -0.001275258784  0.998799034107  0.048978190891 -0.017668464028 -0.048993090068  0.998642830297 
18.6274  1.964682e+01  1.384640e+01  2.542767e+02  2.773526e+00  1.655890e+00 -1.488122e+00  0.998291105068  0.006333811538 -0.058092618931 -0.004506737877  0.999492698839  0.031528309208  0.058262842847 -0.031212622434  0.997813215659 
18.7643  2.003453e+01  1.407202e+01  2.518714e+02  2.830136e+00  1.590855e+00 -1.492712e+00  0.994520017488  0.007043149602 -0.104308814864 -0.003213147351  0.999315991355  0.036840536173  0.104496940141 -0.036303491087  0.993862387877 
18.8794  2.036573e+01  1.425381e+01  2.514131e+02  2.892763e+00  1.532409e+00 -1.488442e+00  0.997955335863  0.001365642878 -0.063900568401  0.002437488169  0.998231249802  0.059400594027  0.063868664257 -0.059434896642  0.996186873426 
19.0149  2.076048e+01  1.445622e+01  2.492042e+02  2.937318e+00  1.453451e+00 -1.491051e+00  0.999705358648 -0.007960902795  0.022930763544  0.006127832327  0.996861447254  0.078928478071 -0.023487136075 -0.078764706603  0.996616513727 
19.1341  2.110778e+01  1.462390e+01  2.480459e+02  2.944966e+00  1.378052e+00 -1.485094e+00  0.998557924905 -0.009156346229  0.052898316918  0.005309305676  0.997360595856  0.072413072763 -0.053421736047 -0.072027794340  0.995970940821 
19.2581  2.147200e+01  1.479050e+01  2.458440e+02  2.949691e+00  1.302400e+00 -1.483195e+00  0.999984630975 -0.002330823180  0.005030415238  0.002081162687  0.998792819381  0.049077211776 -0.005138732921 -0.049065988395  0.998782319731 
19.3848  2.184682e+01  1.495175e+01  2.452252e+02  2.976774e+00  1.233325e+00 -1.487010e+00  0.997175288672  0.003672256246 -0.075019718709 -0.001162215303  0.999438889103  0.033474709929  0.075100552040 -0.033292964472  0.996620030704 
19.5007  2.220114e+01  1.509445e+01  2.437812e+02  3.036143e+00  1.174866e+00 -1.485914e+00  0.994812696328  0.003325370344 -0.101669273320  0.000894908241  0.999140754844  0.041436109248  0.101719704898 -0.041312152237  0.993954932436 
19.6315  2.260107e+01  1.524354e+01  2.414756e+02  3.100597e+00  1.099200e+00 -1.485061e+00  0.998814943769 -0.003935639457 -0.048509987069  0.007150075928  0.997776165598  0.066269146504  0.048141297423 -0.066537463930  0.996621884857 
19.7651  2.301729e+01  1.538536e+01  2.397164e+02  3.132394e+00  1.015187e+00 -1.484109e+00  0.999434946687 -0.012437884641  0.031226372918  0.009874539853  0.996669948819  0.080941377457 -0.032129127014 -0.080587295200  0.996229595550 
19.883  2.338365e+01  1.550035e+01  2.382042e+02  3.143612e+00  9.405739e-01 -1.488273e+00  0.998847337056 -0.011859847324  0.046511732691  0.008534992802  0.997436798677  0.071042146248 -0.047235062765 -0.070563281295  0.996388313951 
20.0062  2.377071e+01  1.561267e+01  2.378370e+02  3.150189e+00  8.751792e-01 -1.484737e+00  0.999942329497 -0.004494421062 -0.009753863831  0.004959625353  0.998825081431  0.048206418883  0.009525743891 -0.048252014305  0.998789769330 
20.1318  2.416637e+01  1.571859e+01  2.359381e+02  3.175524e+00  8.066253e-01 -1.479908e+00  0.996598774878  0.000720067924 -0.082403661414  0.002175919677  0.999383236169  0.035048718063  0.082378075273 -0.035108813231  0.995982541989 
20.2513  2.455308e+01  1.581317e+01  2.341779e+02  3.239933e+00  7.488105e-01 -1.487174e+00  0.995570976609 -0.000434587059 -0.094011923012  0.004226173860  0.999185305483  0.040135579751  0.093917889610 -0.040355129061  0.994761727033 
20.3782  2.495884e+01  1.590274e+01  2.327895e+02  3.292903e+00  6.884675e-01 -1.485579e+00  0.999427816607 -0.006677999990 -0.033157860439  0.008434710631  0.998552180202  0.053126255934  0.032755076696 -0.053375534931  0.998037152225 
20.515  2.541394e+01  1.599306e+01  2.314023e+02  3.323527e+00  6.198830e-01 -1.483543e+00  0.998982023995 -0.012513719348  0.043339618866  0.010106279847  0.998417053660  0.055328564665 -0.043963380705 -0.054834239197  0.997527156206 
20.6451  2.584161e+01  1.606997e+01  2.287631e+02  3.323689e+00  5.694600e-01 -1.478281e+00  0.999050081463 -0.010888507206  0.042194491814  0.009238388678  0.999192321340  0.039106996175 -0.042586229033 -0.038680038599  0.998343762294 
20.7625  2.621712e+01  1.613266e+01  2.281445e+02  3.320513e+00  5.288628e-01 -1.475217e+00  0.999807316787 -0.006903632945 -0.018375776223  0.007291681856  0.999750043205  0.021134864239  0.018225275728 -0.021264782219  0.999607747250 
20.8916  2.666535e+01  1.620103e+01  2.259616e+02  3.347738e+00  4.890987e-01 -1.477442e+00  0.996411890874 -0.004906131173 -0.084494222295  0.006062360418  0.999891395446  0.013432985501  0.084419141849 -0.013897020912  0.996333418741 
